index,timestamp,pose
0,1597982307483880,1
